# Value
5.0
0.406
152
8.0
3250.0
0.85
0.595
14.063
25.0
0.1
1.184
10.657
46.919
7144.0
[39. 10.]
[5933. 5933.]
[308.221 140.1    79.031  61.644]
[400. 400. 400. 200. 200. 200. 105. 105. 105. 105.]
[0.22 0.39 0.5  0.22 0.39 0.5  0.1  0.22 0.1  0.22]
"[  96.118   98.765   99.249   84.474   95.059   96.994 -172.645   43.668
 -172.645   43.668]"
9.0
"[ 1.10408058  0.35133136  0.21375     4.41632231  1.40532544  0.855
 77.55102041 16.0229381  77.55102041 16.0229381 ]"
[0.088 0.087 0.087 0.087 0.087 0.087 0.087 0.087 0.087 0.087]
"[246.274 462.503 630.466 246.274 462.503 630.466 109.75  246.274 109.75
 246.274]"
"[ 26.139 173.134 438.555  26.139 173.134 438.555   2.313  26.139   2.313
  26.139]"
"[  7468.344  49466.911 125301.433   7468.344  49466.911 125301.433
    660.975   7468.344    660.975   7468.344]"
"[ 11.203  74.2   187.952  11.203  74.2   187.952   0.991  11.203   0.991
  11.203]"
"[ 37625.  70660.  96321.  75250. 141320. 192643.  63876. 143334.  63876.
 143334.]"
"[ 39.773  74.694 101.82   79.546 149.387 203.639  67.522 151.516  67.522
 151.516]"
True
1.2
True
True
